0   1.000000
1   2.718282
2   7.389056
3   20.085537
4   54.598150
5   148.413159
6   403.428793
7   1096.633158
8   2980.957987
9   8103.083928
10   22026.465795
11   59874.141715
12   162754.791419
13   442413.392009
14   1202604.284165
15   3269017.372472
16   8886110.520508
17   24154952.753575
18   65659969.137331
19   178482300.963187
20   485165195.409790
21   1318815734.483215
22   3584912846.131592
23   9744803446.248903
24   26489122129.843472
25   72004899337.385880
26   195729609428.838776
27   532048240601.798645
28   1446257064291.475098
29   3931334297144.041992
30   10686474581524.462891
31   29048849665247.425781
32   78962960182680.687500
33   214643579785916.062500
34   583461742527454.875000
35   1586013452313430.750000
36   4311231547115195.000000
37   11719142372802612.000000
38   31855931757113756.000000
39   86593400423993744.000000
40   235385266837020000.000000
41   639843493530054912.000000
42   1739274941520500992.000000
43   4727839468229346304.000000
44   12851600114359308288.000000
45   34934271057485094912.000000
46   94961194206024482816.000000
47   258131288619006754816.000000
48   701673591209763143680.000000
49   1907346572495099789312.000000
50   5184705528587072045056.000000
51   14093490824269388578816.000000
52   38310080007165769154560.000000
53   104137594330290885492736.000000
54   283075330327469394755584.000000
55   769478526514201752502272.000000
56   2091659496012996103110656.000000
57   5685719999335932014624768.000000
58   15455389355901039182610432.000000
59   42012104037905144311971840.000000
60   114200738981568423454048256.000000
61   310429793570191987473121280.000000
62   843835666874145383188004864.000000
63   2293783159469609954760982528.000000
64   6235149080811616743911849984.000000
65   16948892444103337803358666752.000000
66   46071866343312917806440251392.000000
67   125236317084221369326178926592.000000
68   340427604993174075826736463872.000000
69   925378172558778718688878002176.000000
70   2515438670919166879789330989056.000000
71   6837671229762744147024034136064.000000
72   18586717452841278870244552605696.000000
73   50523936302761039454341181734912.000000
74   137338297954017610774568497053696.000000
75   373324199679900148487366050316288.000000
76   1014800388113888746146344200044544.000000
77   2758513454523170321189676423053312.000000
78   7498416996990120907011471506931712.000000
79   20382810665126688239604997451415552.000000
80   55406223843935098344518031635382272.000000
81   150609731458503061892247354869809152.000000
82   409399696212745451138432050426544128.000000
83   1112863754791759440048804931959783424.000000
84   3025077322201142562234189425024172032.000000
85   8223012714622913101995625382930284544.000000
86   22352466037347149741613836874748526592.000000
87   60760302250568719065170691650937159680.000000
88   165163625499400180986996598802797821952.000000
89   448961281917434554974692932659542228992.000000
90   1220403294317840834182894301529193316352.000000
91   3317400098335742831698770026249043574784.000000
92   9017628405034298519450202280083092144128.000000
93   24512455429200859664974848534887274643456.000000
94   66631762164108961850036830684054242197504.000000
95   181123908288902334832971246827918212464640.000000
96   492345828601205826105651076171577906167808.000000
97   1338334719204269538704786735170027538874368.000000
98   3637970947608804749879905722463248516644864.000000
99   9889030319346946255261957393444250518028288.000000
